0.155743 0.056625 1000000 1000 1
0.162611 0.058413 1000000 1000 2
0.181383 0.057668 1000000 1000 4
0.244774 0.054126 1000000 1000 8
0.257080 0.057378 1000000 1000 16
0.141957 0.057633 1000000 10000 16
0.096237 0.053365 1000000 10000 1
0.098068 0.056365 1000000 10000 2
0.117556 0.053982 1000000 10000 4
0.106064 0.057432 1000000 10000 3
1.122663 0.544705 10000000 10000 3
1.080764 0.524586 10000000 10000 1
1.124739 0.546004 10000000 10000 2
1.134475 0.524813 10000000 10000 2
0.465200 0.528171 10000000 10000 2
0.458430 0.512953 10000000 10000 2
0.605284 0.541495 10000000 10000 2
0.601329 0.514552 10000000 10000 1
1.110088 0.527818 10000000 10000 1
1.126180 0.524241 10000000 10000 2
0.406534 0.523982 10000000 10000 2
0.403166 0.586098 10000000 10000 2
0.464431 0.532327 10000000 10000 2
0.500134 0.534980 10000000 10000 4
1.959390 0.535910 10000000 1000 4
1.997143 0.516150 10000000 1000 4
2.014576 0.520053 10000000 1000 4
1.987087 0.533262 10000000 1000 4
1.816689 0.565319 10000000 1000 2
0.002382 0.000082 1000 20 1
0.003007 0.000080 1000 20 2
0.003142 0.000081 1000 20 2
0.003026 0.000106 1000 20 2
0.003108 0.000080 1000 20 2
0.003065 0.000080 1000 20 2
0.003177 0.000081 1000 20 2
0.002901 0.000085 1000 20 2
0.003045 0.000081 1000 20 2
0.003091 0.000080 1000 20 2
0.003145 0.000104 1000 20 2
0.003089 0.000091 1000 20 2
0.002862 0.000082 1000 20 2
0.003337 0.000081 1000 20 2
0.003324 0.000082 1000 20 2
0.003008 0.000083 1000 20 1
0.003027 0.000091 1000 20 1
0.003181 0.000079 1000 20 1
0.002957 0.000081 1000 20 1
0.003079 0.000082 1000 20 1
0.002686 0.000080 1000 20 1
0.001909 0.000081 1000 20 1
0.002678 0.000066 1000 20 1
0.002331 0.000091 1000 20 1
0.002327 0.000082 1000 20 1
0.002031 0.000080 1000 20 1
0.002477 0.000080 1000 20 1
0.002562 0.000079 1000 20 1
0.002504 0.000072 1000 20 2
0.002913 0.000092 1000 20 2
0.003139 0.000081 1000 20 2
0.003102 0.000082 1000 20 2
0.003105 0.000081 1000 20 2
0.003135 0.000081 1000 20 2
0.002374 0.000070 1000 20 2
0.003138 0.000081 1000 20 2
0.003110 0.000117 1000 20 2
0.003016 0.000081 1000 20 2
0.003889 0.000082 1000 20 4
0.003863 0.000090 1000 20 4
0.003840 0.000081 1000 20 4
0.003781 0.000092 1000 20 4
0.004033 0.000082 1000 20 4
0.003849 0.000082 1000 20 4
0.003789 0.000080 1000 20 4
0.003238 0.000099 1000 20 4
0.003759 0.000082 1000 20 4
0.121404 0.052939 1000000 2000 1
0.117041 0.056818 1000000 2000 1
0.116827 0.053683 1000000 2000 2
0.114873 0.060113 1000000 2000 2
0.116212 0.053071 1000000 2000 2
0.119428 0.060407 1000000 2000 2
0.059232 0.060902 1000000 2000 2
0.060175 0.055427 1000000 2000 2
0.060997 0.052458 1000000 2000 2
0.063115 0.055002 1000000 2000 2
0.070027 0.060078 1000000 2000 1
0.061121 0.052872 1000000 2000 1
0.059251 0.061273 1000000 2000 2
0.064521 0.059239 1000000 2000 2
0.060735 0.053959 1000000 2000 2
0.058188 0.055226 1000000 2000 2
0.059650 0.055024 1000000 2000 2
0.058808 0.063679 1000000 2000 2
0.059016 0.053719 1000000 2000 2
0.060334 0.056271 1000000 2000 2
0.058839 0.060685 1000000 2000 2
0.055357 0.057263 1000000 20000 2
0.056527 0.056749 1000000 20000 2
0.055252 0.055500 1000000 20000 2
0.054738 0.056485 1000000 20000 2
0.056227 0.053420 1000000 20000 2
0.057906 0.052638 1000000 20000 2
0.029663 0.057302 1000000 20000 2
0.031355 0.059094 1000000 20000 2
0.029924 0.058421 1000000 20000 2
0.028897 0.056194 1000000 20000 2
0.033426 0.054600 1000000 20000 2
0.028751 0.057856 1000000 20000 2
0.031740 0.055870 1000000 20000 2
0.028401 0.051744 1000000 20000 2
0.035572 0.055012 1000000 20000 2
0.028363 0.056705 1000000 20000 2
0.030229 0.055200 1000000 20000 2
0.027295 0.054548 1000000 20000 2
0.031433 0.059685 1000000 20000 2
0.408944 0.534611 10000000 20000 2
0.408801 0.514933 10000000 20000 2
0.657149 0.522116 10000000 2000 2
0.407721 0.594908 10000000 20000 2
0.991634 0.526190 10000000 20000 2
1.033706 0.556735 10000000 20000 2
1.021650 0.540286 10000000 20000 2
0.087061 0.058398 1000000 20000 2
0.088301 0.057384 1000000 20000 2
0.089557 0.059588 1000000 20000 2
0.085632 0.058164 1000000 20000 1
0.095040 0.061177 1000000 20000 1
0.089526 0.060016 1000000 20000 1
0.092517 0.057849 1000000 20000 1
0.090093 0.058927 1000000 20000 2
0.087675 0.054411 1000000 20000 2
0.087711 0.055950 1000000 20000 2
0.091676 0.055750 1000000 20000 4
0.096045 0.058937 1000000 20000 4
0.095609 0.056541 1000000 20000 4
0.059947 0.057291 1000000 20000 1
0.056456 0.060862 1000000 20000 1
0.055084 0.052846 1000000 20000 2
0.058096 0.057118 1000000 20000 2
0.000028 0.061777 1000000 20000 2
0.000048 0.059713 1000000 20000 2
0.000035 0.060934 1000000 20000 2
0.095298 0.056395 1000000 20000 2
0.000020 0.059546 1000000 20000 2
23.000000 0.056390 1000000 20000 2
48785000.000000 55871000.000000 1000000 20000 2
0.051594 0.057138 1000000 20000 2
0.050899 0.057031 1000000 20000 2
0.050625 0.054032 1000000 20000 2
0.050245 0.059302 1000000 20000 2
0.050371 0.057144 1000000 20000 2
0.088642 0.055445 1000000 20000 1
0.090971 0.059302 1000000 20000 1
0.085327 0.058013 1000000 20000 1
0.048848 0.053216 1000000 20000 2
0.049162 0.052785 1000000 20000 2
0.038643 0.058612 1000000 20000 4
0.033821 0.056810 1000000 20000 4
0.028768 0.051469 1000000 20000 8
0.032340 0.051967 1000000 20000 8
0.029943 0.054801 1000000 20000 16
0.030046 0.060756 1000000 20000 16
0.030930 0.061280 1000000 20000 16
0.029701 0.057470 1000000 20000 16
0.314080 0.515408 10000000 20000 16
0.949272 0.500986 10000000 20000 1
0.545441 0.542889 10000000 20000 2
0.555983 0.570283 10000000 20000 2
0.343161 0.498113 10000000 20000 4
0.349423 0.578778 10000000 20000 4
0.517814 0.511083 10000000 20000 4
0.893470 0.503339 10000000 20000 1
0.643501 0.497222 10000000 20000 2
0.897236 0.515499 10000000 20000 1
0.657405 0.507428 10000000 20000 2
0.521432 0.511223 10000000 20000 2
0.954185 0.502876 10000000 20000 1
1.025198 0.502183 10000000 10000 1
0.576673 0.506311 10000000 10000 2
0.396651 0.500809 10000000 10000 4
0.119787 0.050514 1000000 1000 1
0.073684 0.049606 1000000 1000 2
0.050509 0.050050 1000000 10000 2
0.084837 0.050091 1000000 10000 1
0.052781 0.054978 1000000 10000 2
0.033521 0.053688 1000000 10000 4
0.029710 0.055380 1000000 10000 8
0.029659 0.050952 1000000 10000 16
0.090808 0.053171 1000000 10000 1
0.105412 0.051932 1000000 2000 1
0.061867 0.058166 1000000 2000 2
0.062589 0.051243 1000000 2000 2
0.062489 0.056126 1000000 2000 2
0.054504 0.050819 1000000 4000 2
0.058634 0.054137 1000000 4000 2
0.036476 0.051998 1000000 4000 4
0.035501 0.050440 1000000 4000 4
0.048610 0.053750 1000000 4000 4
0.048132 0.056973 1000000 4000 4
0.049779 0.052333 1000000 4000 4
0.019464 0.053425 1000000 4000 4
0.035939 0.050521 1000000 4000 1
0.024173 0.054561 1000000 4000 2
0.021820 0.050904 1000000 4000 4
0.018904 0.051785 1000000 4000 8
0.018427 0.050268 1000000 4000 16
0.500419 0.549622 10000000 4000 1
0.000208 0.000067 1000 20 1
0.000253 0.000079 1000 20 2
0.001647 0.000067 1000 20 2
0.098405 0.055489 1000000 10000 1
0.051286 0.060046 1000000 10000 2
1.016948 0.522898 10000000 10000 1
0.577963 0.507884 10000000 10000 2
0.571385 0.505745 10000000 10000 2
0.580514 0.578949 10000000 20000 2
0.511960 0.527244 10000000 40000 2
0.358202 0.527970 10000000 40000 4
0.293414 0.522651 10000000 40000 8
0.296473 0.527501 10000000 40000 16
