30.085801 1.688091 10000000 120000 2
30.760649 1.935270 10000000 120000 2
1.725085 1.613419 10000000 120000 2
1.708616 1.641845 10000000 120000 4
1.738806 1.654728 10000000 100000 4
1.862934 1.723037 10000000 80000 4
1.902012 1.706148 10000000 200000 4
1.771663 1.766092 10000000 10000 4
1.920592 1.661329 10000000 4000 4
2.180594 1.885935 10000000 5000 4
1.765952 1.642441 10000000 40000 4
0.243385 0.233557 1000000 40000 4
0.235441 0.232435 1000000 4000 4
0.232247 0.229284 1000000 1000 4
1.782712 1.624418 10000000 10000 4
1.730761 1.635998 10000000 100000 4
1.666653 1.649665 10000000 200000 4
1.700556 1.636924 10000000 200000 2
1.723518 1.630619 10000000 100000 2
1.617551 1.625711 10000000 1000000 2
1.587207 1.660206 10000000 1000000 2
17.752710 17.913641 100000000 1000000 2
17.865902 16.587978 100000000 1000000 2
17.627350 16.668437 100000000 1000000 4
18.061565 16.412170 100000000 500000 4
1.743795 1.667669 10000000 500000 4
1.749276 1.718623 10000000 100000 4
1.681603 1.908552 10000000 1000000 4
1.616488 1.634827 10000000 1000000 4
1.636573 1.667500 10000000 500000 4
1.647975 1.701441 10000000 500000 4
1.809355 1.777959 10000000 10000 4
1.716166 1.712474 10000000 100000 4
1.733640 1.658168 10000000 150000 4
1.717058 1.680661 10000000 150000 4
1.694840 1.676768 10000000 200000 4
1.687268 1.671934 10000000 200000 4
1.664425 1.709752 10000000 400000 4
1.655540 1.682535 10000000 400000 4
1.618005 1.637408 10000000 500000 4
1.679908 1.682616 10000000 500000 4
1.649847 1.670693 10000000 500000 4
1.646656 1.678365 10000000 400000 4
1.622196 1.640217 10000000 400000 4
1.683211 1.740484 10000000 400000 4
1.780959 1.692853 10000000 400000 2
1.672345 1.655074 10000000 800000 2
1.588007 1.657994 10000000 800000 2
1.632427 1.670812 10000000 800000 2
1.795539 1.695571 10000000 40000 4
1.874929 1.709074 10000000 4000 4
1.803608 1.691827 10000000 10000 4
0.492740 0.012438 100000 100 4
4.406237 0.263229 1000000 1000 4
1.786551 1.718549 10000000 10000 4
1.783250 1.716611 10000000 10000 8
1.773918 1.678421 10000000 10000 16
1.817791 1.715436 10000000 100000 16
1.745825 1.727009 10000000 80000 16
1.820882 1.689698 10000000 8000 16
1.800405 1.710441 10000000 16000 16
1.723478 1.665544 10000000 160000 16
1.678272 1.702526 10000000 160000 16
1.750095 1.651197 10000000 40000 4
1.811705 1.715135 10000000 40000 4
1.625351 1.666878 10000000 400000 4
17.298870 17.152465 100000000 4000000 4
17.947867 16.532319 100000000 2000000 4
17.726344 17.679421 100000000 400000 4
1.667280 1.709195 10000000 400000 4
1.690353 1.684922 10000000 200000 4
1.768601 1.724191 10000000 200000 4
1.690516 1.667403 10000000 200000 4
1.676629 1.662788 10000000 300000 4
1.679093 1.666793 10000000 300000 4
1.703096 1.718425 10000000 300000 4
1.670588 1.690664 10000000 400000 4
0.246681 0.265960 1000000 20000 4
0.248178 0.267219 1000000 20000 4
0.255348 0.266502 1000000 20000 4
0.526504 0.553121 3000000 20000 4
0.582921 0.629784 3000000 20000 4
0.568973 0.547976 3000000 4000 4
0.249028 0.267717 1000000 4000 4
0.254533 0.271774 1000000 4000 4
0.238301 0.262152 1000000 4000 4
0.257830 0.264454 1000000 4000 4
0.244713 0.263386 1000000 8000 8
0.247483 0.272449 1000000 8000 8
0.254243 0.265381 1000000 16000 16
0.246048 0.282394 1000000 16000 16
0.242331 0.268469 1000000 16000 16
0.251307 0.280672 1000000 2000 2
0.243370 0.261682 1000000 2000 1
0.256598 0.274324 1000000 2000 1
0.253363 0.271546 1000000 2000 1
0.249580 0.265463 1000000 2000 2
0.260040 0.325266 1000000 2000 2
0.246905 0.263742 1000000 2000 2
0.253426 0.269155 1000000 2000 2
0.247917 0.267715 1000000 2000 2
0.243208 0.266449 1000000 4000 4
0.241110 0.268484 1000000 40000 4
0.242250 0.273529 1000000 40000 4
0.242936 0.272499 1000000 40000 4
0.233989 0.268050 1000000 4000 4
0.257153 0.264310 1000000 1000 4
0.248027 0.263359 1000000 2000 4
0.261200 0.265295 1000000 2000 4
1.751052 1.666040 10000000 40000 4
1.803694 1.676330 10000000 20000 4
1.783583 1.680984 10000000 10000 4
1.719821 1.674023 10000000 90000 4
1.700366 1.667396 10000000 100000 4
1.712036 1.672371 10000000 140000 4
1.722358 1.686939 10000000 150000 4
1.665260 1.662116 10000000 200000 4
1.748488 1.659010 10000000 200000 4
1.633459 1.650104 10000000 200000 8
1.804349 1.689322 10000000 20000 8
1.682551 1.676952 10000000 200000 8
1.592534 1.653762 10000000 800000 8
1.687331 1.671535 10000000 160000 16
1.637843 1.646644 10000000 160000 16
1.793993 1.691951 10000000 16000 16
1.684590 1.678102 10000000 160000 16
1.643664 1.719373 10000000 320000 8
1.744488 1.662124 10000000 40000 4
1.764739 1.664087 10000000 40000 4
1.671395 1.682390 10000000 200000 4
1.706549 1.687501 10000000 200000 4
0.241278 0.271784 1000000 4000 4
0.247261 0.280081 1000000 4000 4
1.762171 1.695978 10000000 40000 4
1.730226 1.800210 10000000 100000 4
1.650139 1.728816 10000000 200000 4
0.000261 0.000099 1000 20 4
0.000323 0.000099 1000 20 4
0.000264 0.000098 1000 20 4
0.000251 0.000113 1000 20 4
0.000211 0.000085 1000 20 4
0.000294 0.000128 1000 20 4
0.000364 0.000127 1000 20 8
0.000335 0.000137 1000 20 8
0.000325 0.000127 1000 80 8
0.000320 0.000126 1000 80 8
0.000301 0.000099 1000 80 8
0.000256 0.000112 1000 80 8
0.000223 0.000101 1000 20 4
0.000270 0.000100 1000 20 4
0.000213 0.000091 1000 20 4
0.000196 0.000113 1000 200 4
0.000201 0.000098 1000 200 4
0.000306 0.000162 1000 200 4
0.000231 0.000099 1000 200 4
0.000420 0.000112 1000 200 4
0.000229 0.000112 1000 200 4
0.000253 0.000112 1000 200 4
